 &SETUP
 INITD   =           0,
 KHMAX   =        9999,
 NUMPAR  =     4653126,
 MAXPAR  =     4915274,
 MAXDIM  =     4259904,
 QCYCLE  =  6.7040921E-39,
 P10F    =  6.3367445E-39,
 FRME    =  4.8673542E-39,
 FRMR    =  5.0510280E-39,
 KRND    =     4128830,
 DELT    =  0.0000000E+00,
 ISOT    =           0,
 TKER    =  0.0000000E+00,
 NDUMP   =     3866682,
 NCYCL   =     3997756,
 TRATIO  =  0.7500000    ,
 MGMIN   =          10,
 KMSL    =           0,
 NSTR    =           0,
 MHRS    =        9999,
 NVER    =           0,
 CPACK   =     5177422,
 CMASS   =     3735608,
 ICHEM   =     5046348,
 EFILE   =                                                                                 ,
 TOUT    =          60,
 TM_PRES =           0,
 TM_TPOT =           0,
 TM_TAMB =           0,
 TM_RAIN =           0,
 TM_MIXD =           0,
 TM_TERR =           0,
 TM_DSWF =           0,
 TM_RELH =           0,
 DXF     =   1.000000    ,
 DYF     =   1.000000    ,
 DZF     =  9.9999998E-03,
 PINPF   =                                                                                 ,
 POUTF   =                                                                                 ,
 NINIT   =     4390978,
 KAGL    =           1,
 KPUFF   =           0
 /
